1 96 -0.1267200967790844 0.14041875628307596
1 97 -0.14467062269962333 0.14134242419450996
1 98 -0.17186208968676786 0.14134242419450996
1 99 -0.1990596799878695 0.14000469825381195
1 100 -0.2177263969171507 0.13775392127422595
1 101 -0.2253720765414676 0.13482366445174593
1 102 -0.20944558521561477 0.12926042323804993
1 103 -0.22175732217573807 0.12687162691537393
1 104 -0.24497381314411457 0.12568253719030992
1 105 -0.25179303278688386 0.12434481124961191
1 106 -0.25965367965367603 0.1226248778972859
1 107 -0.26117502415034716 0.1208943276724159
1 108 -0.2414512471655431 0.1170510198110479
1 109 -0.21530013255065455 0.11213540782260992
1 110 -0.20807881773399392 0.1077612563339799
1 111 -0.1917251194469889 0.1044381752273259
1 112 -0.17392207792207437 0.10218739824773851
1 113 -0.13698924731181772 0.09873691467054131
1 150 0.131965944272489 0.1097359946273879
1 152 0.1514125386997416 0.1097359946273879
1 153 0.14443696509283593 0.11040485759773791
1 154 0.1319714964370905 0.11174258353843591
1 197 -0.11196945480376506 0.11956721860426389
1 198 -0.11115066298834698 0.11930179679063388
1 199 -0.10250915260290885 0.11889835563391589
1 564 0.10830004438526677 0.09567925537751934
1 565 0.12290502793294625 0.09502100927971575
1 566 0.149497206703914 0.09502100927971575
1 567 0.17136490250698483 0.09528643109334616
1 568 0.1613152377799906 0.09622071587732615
1 569 0.14743450963410656 0.09807866857273996
1 570 0.12152594314697332 0.10046746489541517
1 1066 0.12013172338089656 0.24179927221737593
1 1067 0.13701754385964932 0.24206469403100592
1 1068 0.14677898044692994 0.2432537837560699
1 1069 0.15483226142882273 0.24431547101059187
1 1070 0.1652771178020642 0.2457699825492879
1 1071 0.1552739375320019 0.24881702496976588
1 1072 0.13799056762675357 0.25212948920387385
1 1073 0.12416400116312298 0.25557997278107186
1 1387 0.113896698948235 0.4078153082069781
1 1388 0.1218653876231638 0.40728446457971607
1 1389 0.1190655418559364 0.409015014804586
1 2134 -0.11102222222222823 0.11943981613372043
1 2135 -0.1200000000000128 0.11943981613372043
1 2136 -0.11555555555555996 0.11943981613372043
1 2137 -0.1158498896247227 0.12023608157461244
1 2278 0.10219181130396865 0.19084890087286832
1 2279 0.11206368646663031 0.1907108815297803
1 2280 0.12340614258787518 0.1915071469706723
1 2282 0.183145506023418 0.19124172515704232
1 2283 0.19337077414380816 0.19282363916628031
1 2284 0.16732082370018925 0.19746321246854232
1 2286 0.10481054880908544 0.20370593352513028
1 3004 0.10297533458688209 0.38394857872532256
1 3005 0.10988828669395276 0.38394857872532256
1 3006 0.116018731469432 0.3831523132844305
1 3007 0.10905050615895825 0.3869956211458005
1 3179 -0.10087827808015662 0.3433071906222235
1 3181 -0.10078160919540168 0.3463754667877915
1 3188 0.17178483099752778 0.3090783935364355
1 3189 0.16557749191717167 0.3086749523797175
1 3190 0.1505493384128701 0.3121254359569135
1 3191 0.16405903807478528 0.3114671898591095
1 3192 0.1553878802169221 0.3151830952499375
1 3193 0.1324013157894633 0.3227529253746795
1 5031 0.10806573957016541 0.8397946183268736
1 5032 0.10347962224130106 0.8408987730715776
1 5146 0.10211099436430864 0.889184309407236
1 5147 0.11346938775509462 0.8843854830167981
1 5148 0.11501228146220903 0.881752498625584
1 5467 -0.10633052700125677 1.8260171427974252
1 5468 -0.13867907148121209 1.8441082936144852
1 5469 -0.15267210771430886 1.8419849191054454
1 5470 -0.15431213872832067 1.8367189503230055
1 5471 -0.15219412420973558 1.8271212975421256
1 5472 -0.16126176497996222 1.8228745485240456
1 5473 -0.14945613787257023 1.8037641779426454
1 5474 -0.13233470088731084 1.7804070583431657
1 5475 -0.10875305623471332 1.7369203483979458
1 6189 0.10005301460309753 1.7623159075261114
1 6190 0.11278015069346072 1.7697901857979517
1 6191 0.12057854790203656 1.7793029035984715
1 6192 0.11908915185516936 1.8015558684532518
1 6193 0.11256764321702924 1.820666239034632
1 6194 0.10867554568997932 1.8366340153426521
1 6463 0.10253302253303927 2.732782993139513
1 6464 0.1153810278892047 2.731763773375173
1 6465 0.10445468509985657 2.764633610775173
1 6476 -0.2488083623693418 3.047042420478053
1 6477 -0.2897526501766802 3.0045749302971734
1 6478 -0.3196789690187876 2.952594722315773
1 6479 -0.33050623624357733 2.894159455826873
1 6480 -0.346356323198858 2.8718215559917333
1 6481 -0.35225130890052037 2.838951718591733
1 6482 -0.33671338196567213 2.805996946211373
1 6483 -0.3070576602187737 2.748665834467193
1 6484 -0.22608495830871095 2.587289371779853
1 6485 -0.14954349879315249 2.428036283601553
1 7371 -0.11489618268833048 2.2539195738599753
1 7372 -0.13147648996706768 2.2687831954232753
1 7373 -0.12806702573311213 2.270821634951955
1 7374 -0.12140801913233214 2.272945009460995
1 7375 -0.10793257498968786 2.2624130718961353
1 9132 0.10730831973900047 10.41302859235142
1 9133 0.14206073325900956 10.36002916460562
1 9134 0.16325657894736884 10.32809361198962
1 9135 0.17856677524429795 10.43001558842382
1 9136 0.19948857383310456 10.495925133184421
1 9137 0.18829500192727092 10.57678323448882
1 9138 0.18150619637749923 10.69161532793802
1 9139 0.16875584658560128 10.89545928080622
1 9140 0.15579441561650456 10.99941969676902
1 9141 0.1439670932358291 11.150264221891621
1 9142 0.1149120480862703 11.53043319399082
1 9329 0.11112373271236706 11.96326185391401
1 9500 -0.12567419603390878 16.755293445924618
1 9509 -0.1039801456603401 14.64754697326722
1 9510 -0.12003710575139061 14.64958541279582
1 9511 -0.13486495162103837 14.81741693399062
1 9512 -0.12888074235307992 14.82794887155562
1 9513 -0.13918758854542643 14.628181797744821
1 9514 -0.13636363636366017 14.43283134291282
1 9515 -0.1307452455192752 14.27349331975422
1 9516 -0.11333772154369964 13.935791837835819
1 9517 -0.10170000000002043 13.589596857881219
1 9829 0.11384381338745234 10.798204076423634
1 9830 0.14321255422303314 10.729757042470634
1 9831 0.15449850156222697 10.734548334847236
1 9832 0.14840082618766595 10.935782614669035
1 9833 0.1327081034694294 11.166449119090634
1 9897 -0.10383212846266596 10.727018712279635
1 9898 -0.11196319018405679 10.738685228696436
1 9899 -0.10710105345298955 10.553393497373037
1 9981 -0.1156753204074932 8.378244775679207
1 9982 -0.16975106452669328 8.405777620817807
1 9983 -0.2125409836065558 8.397517767276227
1 9984 -0.2626746831329194 8.471856449150469
1 9985 -0.28680285343708967 8.491129440747489
1 9986 -0.30193154152344165 8.484934550591287
1 9987 -0.3169181653636954 8.447076888525709
1 9988 -0.3422306753361157 8.405089299689328
1 9989 -0.3554795003624623 8.272931643024009
1 9990 -0.3200164998942499 7.849614149017869
1 9991 -0.28136037218434534 7.409088626800108
1 9992 -0.23111385942638732 6.978887921509329
1 9993 -0.17075200186298087 6.61270108116581
1 9994 -0.11006833744321243 6.24651424082229
1 10027 0.13487785296478816 6.031441816312549
1 10029 0.23156169515336097 5.9090005728801085
1 10031 0.23270655270655619 6.070180288810929
1 10033 0.15699396599012663 6.305378157551188
1 10044 0.1006756113807229 7.269689419386227
1 10046 0.10275567630506469 7.129262456579548
1 10119 -0.1027972027972012 6.97824655234694
1 10150 0.16503153468816176 5.968805892227222
1 10151 0.16219068840155101 5.944406428757482
1 10152 0.1613320781360355 5.924189730453982
1 10153 0.15972384741399512 5.957651851783922
1 10154 0.13735439972321858 6.044792792747282
1 10155 0.1033855941831439 6.136116498876902
1 10197 -0.1460005177323344 5.410295925193024
1 10198 -0.18902282636573553 5.460715457501324
1 10199 -0.21549421193232352 5.504832548271085
1 10200 -0.23530908165861253 5.505532819553145
1 10201 -0.2398504961979654 5.433404877501005
1 10202 -0.21692568891211075 5.361977206730924
1 10203 -0.16944407412345336 5.252734886729604
1 10204 -0.1210964134733422 5.135089311343564
1 10222 0.12484811664640948 4.610586121080865
1 10223 0.11067610299652868 4.650501584158265
1 10231 -0.11763913219242479 5.196713184164785
1 10246 -0.11773125187230836 4.854980798519668
1 10247 -0.10601506891898746 4.802368108899428
1 10248 -0.10793007701193733 4.738563391228328
1 10249 -0.10019236587713509 4.689998423524168
1 10250 -0.10214566334239555 4.654766313218888
1 10319 0.12140575079871897 6.411254682332154
1 10320 0.14633873672442377 6.318020616223533
1 10321 0.14367365235907023 6.302481605205413
1 10322 0.12199754217405775 6.322258528319353
1 11576 -0.14071337873717546 19.4363081632098
1 11577 -0.13837517782307676 19.451265497592203
1 11578 -0.1260153167788465 19.3353461561286
1 11579 -0.11728612185877023 19.135665742123603
1 11580 -0.11564787339269206 18.902331325758205
1 11581 -0.10378613765574572 18.547842500895204
1 11776 -0.13495777800386646 14.777279078903202
1 11777 -0.15341743932715526 14.836664827567002
1 11779 -0.12853809475500194 14.8193753058042
1 11780 -0.11113335001251025 15.023090975271202
1 11791 -0.15761603717513586 13.912051272421603
1 11793 -0.16364309514995404 14.212738607428204
1 11794 -0.1446870608582993 13.908292680734004
1 11795 -0.10447678906164315 13.634667205877804
1 11856 -0.10294858165947943 13.4663302251756
1 11857 -0.13741685144124033 13.592155612497598
1 11858 -0.15520026739456969 13.525098968954797
1 11859 -0.15714605734765777 13.453521652813595
1 11860 -0.17021990935034575 13.464823334309594
1 11861 -0.17245259663535475 13.390985681869193
1 11862 -0.1713326505064486 13.241050040689194
1 11863 -0.17438863753509584 13.155910706752795
1 11864 -0.17505265621344182 12.877889341951596
1 11865 -0.16756530074287246 12.576511168725593
1 11866 -0.14869332002744484 12.079990628335594
1 11867 -0.1295885117395433 11.724364383928794
1 11868 -0.1065322579707823 11.425999992434994
1 12493 -0.1986858573216517 12.298171156735595
1 12495 -0.1426374214257183 11.508563922267035
1 12496 -0.11189601582369531 10.894424962124656
1 12503 -0.10491085710609148 9.854698476971175
1 12504 -0.10155246356948872 9.903952729413675
1 12802 -0.10677382319173373 5.516762005854294
1 12803 -0.10642887962030662 5.504886083051794
1 12804 -0.11228782823153599 5.457382391841794
1 12875 0.14822907028713075 7.3406125533748865
1 12879 0.10547293259107109 7.976703081622906
1 12881 0.11932930450450654 8.115747996089166
1 12883 0.11459396916076009 8.240408953886506
1 13593 -0.10390492359933247 11.103217008454187
1 13594 -0.11706653054280954 11.078710756992388
1 13595 -0.13984706881904335 11.093791527122786
1 13596 -0.14241592312973111 10.986341039944188
1 13597 -0.1407096661422828 10.784635739450987
1 13598 -0.13243967828418282 10.547113609898307
1 13599 -0.11963636363636698 10.368029464600706
1 13600 -0.10386250231010366 10.200255896900707
1 13601 -0.10056179775280132 10.066414061994028
1 13789 -0.10213257965056684 15.10379501321878
1 13790 -0.10159876224859067 15.04946481532958
-1 74 -0.10217163788591699 0.16231074747131796
-1 80 -0.10320819112626752 0.15553718278746595
-1 81 -0.11541376696754102 0.15408267124877195
-1 82 -0.10041546369973184 0.15077020701466398
-1 118 0.13452110486667815 0.0887889050956717
-1 119 0.16433397683396836 0.0879926396547803
-1 120 0.22542921124656007 0.0853384215184755
-1 121 0.25141491636270474 0.08441475360704129
-1 122 0.2671362092818528 0.08441475360704129
-1 123 0.27709942686268196 0.08521101904793268
-1 124 0.25587278641126837 0.08813065899786808
-1 125 0.24839200093556937 0.09078487713417288
-1 126 0.2111311401532283 0.09423536071136969
-1 127 0.1588957721986906 0.09768584428856528
-1 128 0.11467116357505053 0.10073288670904408
-1 149 0.1127921637086954 0.1094705728137579
-1 151 0.14711594484372162 0.1093325534706679
-1 179 -0.10336206896553055 0.12315572152454787
-1 180 -0.11102564102565451 0.12421740877906988
-1 181 -0.10652452025586938 0.12448283059269989
-1 213 0.10302264554377631 0.10923700161776587
-1 214 0.11162388231900768 0.11042609134282985
-1 215 0.12778361846506073 0.11108433744063387
-1 216 0.13145673395885024 0.11201862222461387
-1 217 0.13684011710264143 0.11242206338133187
-1 218 0.1494447581404036 0.11281488766550388
-1 219 0.16224854295921198 0.11294229013604587
-1 220 0.15021419258708119 0.11400397739056786
-1 221 0.13385754777363526 0.11611673502706588
-1 222 0.11522302672745081 0.11877095316337187
-1 223 0.11683848797251455 0.12049088651569788
-1 224 0.10923715620134532 0.12275228036782988
-1 579 -0.10849056603773098 0.11253884897932794
-1 580 -0.11900499387543399 0.11267686832241593
-1 581 -0.12166285278412277 0.11134975925426191
-1 582 -0.1151944148162358 0.10949180655884791
-1 583 -0.11504944678349609 0.10843011930432592
-1 584 -0.11101234567900685 0.10749583452034792
-1 585 -0.10135338345864975 0.10590330363856593
-1 740 0.10403376190007978 0.10817531436324393
-1 741 0.11640003925801773 0.10817531436324393
-1 742 0.11625171534992561 0.10831333370633192
-1 743 0.11259056197375554 0.10844073617687391
-1 744 0.10590413094310495 0.1089715798041339
-1 755 0.10141987829614114 0.12038471779024591
-1 756 0.10294375328542955 0.1211809832311379
-1 837 0.10045207263811917 0.1385608035876619
-1 838 0.1211024713218983 0.1379025574898579
-1 839 0.13922874399876933 0.1371062920489659
-1 840 0.1527799287594837 0.1371062920489659
-1 841 0.14309725723889996 0.1389642447443799
-1 842 0.11902279159839926 0.1425421307921179
-1 908 0.11270149153903382 0.1587328614235779
-1 909 0.12284107644933676 0.1585948420804899
-1 910 0.13656681566484302 0.1591363025802959
-1 911 0.13086452293096787 0.1611216577462519
-1 912 0.12218020602426881 0.16284159109857788
-1 913 0.10322580645161669 0.16456152445090386
-1 939 0.1029133112269079 0.17929774354366987
-1 1029 0.11845926250615944 0.19376854082280387
-1 1030 0.13250642041418745 0.19429938445006387
-1 1031 0.14350239442752494 0.19509564989095388
-1 1032 0.1489912611932329 0.19681558324327986
-1 1033 0.14171122994652496 0.19853551659560584
-1 1034 0.11802552473367074 0.20131713720245387
-1 1053 0.12275814885402084 0.21725306289282997
-1 1054 0.1215999221448983 0.21818734767681
-1 1055 0.11507898052135535 0.219111015588244
-1 1086 -0.11310523904077979 0.2780346582142118
-1 1087 -0.11889571975408711 0.27458417463701584
-1 1088 -0.1139551470005555 0.26794862929625385
-1 1089 -0.10340097631823118 0.26316041977835986
-1 1090 -0.11893438658713817 0.26342584159198984
-1 1091 -0.12388772043358781 0.26249155680800984
-1 1092 -0.13225360136730005 0.2608990259262258
-1 1093 -0.14143216284162638 0.2618333107102059
-1 1094 -0.1286419753086481 0.2579900028488359
-1 1095 -0.10314802411252855 0.25361585136020587
-1 1133 0.10445825694227479 0.2374251207287458
-1 1134 0.11056983240223783 0.2375525231992878
-1 1135 0.1025379359304355 0.23928307342415778
-1 1210 0.12518721272530947 0.20557450309308573
-1 1211 0.13422506842948054 0.20557450309308573
-1 1212 0.1302182284980805 0.2067635928181497
-1 1213 0.13977011494253527 0.2078252800726717
-1 1214 0.14771974522294307 0.2083561236999317
-1 1215 0.13702127659575464 0.2120720290907597
-1 1216 0.1274384236453241 0.2155225126679577
-1 1217 0.11552049557180802 0.21937643740187168
-1 1263 0.10322223977254771 0.2688616803351417
-1 1264 0.10308549894009293 0.2704542112169257
-1 1265 0.10407628874036902 0.27165391781453574
-1 1296 0.10888881145685556 0.3046936251752538
-1 1297 0.1196019069492309 0.30509706633197375
-1 1298 0.12298261411650391 0.3065515778706698
-1 1299 0.11799430277653512 0.3093438153500638
-1 1300 0.10084033613444826 0.3133251425545218
-1 1328 0.10716753564921978 0.3380199880947038
-1 1329 0.11483943803311505 0.33855083172196376
-1 1330 0.12177985948478218 0.3400053432606578
-1 1331 0.12330551850358941 0.34225612024024377
-1 1332 0.11617737003058944 0.3471717322286798
-1 1333 0.10555052790348297 0.3519493248740278
-1 1363 0.10206896551723951 0.3848616297642119
-1 1364 0.10497237569060076 0.3843307861369519
-1 1365 0.10457063711910791 0.3832690988824299
-1 1412 -0.10114388922335016 0.44086563244024174
-1 1413 -0.1041541240216679 0.44086563244024174
-1 1414 -0.10877844195911628 0.4404728081560697
-1 1415 -0.10273556231002451 0.4366188834221537
-1 1492 -0.10797993160772218 0.4253437647791358
-1 1493 -0.11181820459500028 0.4237512338973538
-1 1553 0.11093812110773672 0.3205021483950877
-1 1554 0.1172069825436508 0.31930244179747774
-1 1555 0.11764705882353753 0.32036412905199974
-1 1556 0.11054899144853174 0.3252797410404378
-1 1557 0.10156325543916507 0.3293884707154378
-1 1564 0.10494047619047495 0.3567269175193798
-1 1565 0.10864343958488155 0.3580540265875317
-1 1566 0.11062454077884296 0.36123908835109775
-1 1567 0.10387406367041854 0.36284223610542576
-1 1624 -0.10876803551609705 0.47829010816214385
-1 1625 -0.10528888888889139 0.47775926453488377
-1 1788 0.11686851653124213 0.4155231576748066
-1 1789 0.11912794561160689 0.41539575520426464
-1 1927 0.10049706465932465 0.5190270481181488
-1 1928 0.1045116146617381 0.5219466880680848
-1 1929 0.10219731304630053 0.5247283086749328
-1 2031 -0.12548234053769536 0.5035051804570406
-1 2032 -0.21704255319149454 0.4989930096253225
-1 2033 -0.3174732334047146 0.49580794786175647
-1 2034 -0.41673864225255103 0.49168860131421044
-1 2035 -0.5149432287814869 0.48810009839392643
-1 2036 -0.5142312913254845 0.48491503663036245
-1 2037 -0.5143695143038542 0.4850530559734505
-1 2038 -0.5129698715011903 0.4866455868552325
-1 2039 -0.513996348778582 0.4885035395506465
-1 2040 -0.5143898945175176 0.48916178564844853
-1 2041 -0.4659304624584053 0.4403241719404365
-1 2042 -0.40691323133780377 0.3906902927915345
-1 2043 -0.3262219991215378 0.3384021955063285
-1 2044 -0.21697763956759314 0.2867829611914705
-1 2067 -0.10573550649885546 0.2058399249067165
-1 2068 -0.14251256281406643 0.21127576364987047
-1 2069 -0.16173990675527644 0.21405738425671847
-1 2070 -0.17621621621620964 0.21605335629521843
-1 2071 -0.18351653768422832 0.21538449332487045
-1 2072 -0.20137745171432195 0.2127302751885664
-1 2073 -0.19496462754889096 0.2040987578093024
-1 2074 -0.19708107528034718 0.1978666536252584
-1 2075 -0.19758378799687815 0.1907002646572364
-1 2076 -0.213213554696384 0.18672955432532443
-1 2077 -0.2069442842311677 0.18407533618901845
-1 2078 -0.17586732301922045 0.18116631311162845
-1 2079 -0.1634814508017383 0.17943576288675844
-1 2080 -0.14918873777141267 0.17798125134806245
-1 2081 -0.10879014730741451 0.17585787683901843
-1 2091 -0.11346700989024056 0.15672627251253246
-1 2092 -0.1525611745513658 0.16270357175549047
-1 2093 -0.16696774193546932 0.16456152445090444
-1 2094 -0.16263863068145157 0.16561259483288243
-1 2095 -0.14803372594451178 0.16495434873507842
-1 2096 -0.12520593080724043 0.16111104087370842
-1 2097 -0.10429783739391746 0.15513374163075042
-1 2103 -0.1220570012391831 0.1370850583038784
-1 2104 -0.15411116214976614 0.1386775891856604
-1 2105 -0.18697590088390725 0.1405355418810744
-1 2106 -0.20338983050849296 0.1409389830377924
-1 2107 -0.20155867970661737 0.1389536278718364
-1 2108 -0.17448259824821424 0.1369682727058804
-1 2109 -0.13581225719496212 0.13391061341285643
-1 2142 0.1448544797412998 0.11162579794044045
-1 2143 0.2214824243611183 0.10843011930432844
-1 2144 0.2836716328367368 0.10617934232474044
-1 2145 0.3157575757576136 0.10510703819767245
-1 2146 0.30281407035179164 0.10563788182493443
-1 2147 0.27843803056028604 0.10630674479528443
-1 2148 0.23586935263056852 0.10856813864741643
-1 2149 0.18888361045131521 0.11174258353843843
-1 2150 0.1356380552768415 0.11639277371324441
-1 2169 0.11334872243888539 0.13337976978559635
-1 2170 0.12735811509986888 0.13337976978559635
-1 2171 0.145557505184208 0.13311434797196636
-1 2172 0.14821300644746485 0.13337976978559635
-1 2173 0.13039014373713806 0.13443084016757234
-1 2215 0.10999450420037064 0.13522710560846235
-1 2216 0.13604696673190067 0.13563054676518033
-1 2217 0.15459882583171194 0.13563054676518033
-1 2218 0.16885168219870866 0.13443084016757031
-1 2219 0.17502769425543835 0.1341760352264843
-1 2220 0.16829745596868773 0.13563054676518033
-1 2221 0.16926070038910002 0.1364268122060723
-1 2222 0.14014197389511351 0.13909164721492231
-1 2223 0.10099436034430204 0.14307297441938033
-1 2281 0.15716580798847576 0.19164516631376033
-1 2285 0.13911024328460017 0.20117911785936832
-1 2294 -0.10068628805675374 0.2305029198292643
-1 2295 -0.10294185777160958 0.2291651938885663
-1 2463 0.11068062827223954 0.20278226561369625
-1 2464 0.12507853403140468 0.20278226561369625
-1 2465 0.13329501515309175 0.20318570677041428
-1 2466 0.1406770833333217 0.20384395286821827
-1 2467 0.14631989596877507 0.20410937468185025
-1 2468 0.1463730569948108 0.20490564012274026
-1 2469 0.131902309692555 0.2082287212293923
-1 2470 0.11899152924665744 0.2118172241496763
-1 2471 0.10222287939277688 0.2154057270699603
-1 2528 0.10385685884690357 0.26701434451227635
-1 2529 0.10836184262868064 0.2668869420417323
-1 2582 0.10260397830018085 0.29355652587532227
-1 2583 0.13515981735160335 0.29063688592538633
-1 2584 0.16687509195234157 0.2886515307594303
-1 2585 0.18264924003231617 0.2891823743866923
-1 2586 0.19260259967869242 0.2907749052684763
-1 2587 0.1995469744364111 0.29528707610019433
-1 2588 0.19392226148409436 0.30045749302971625
-1 2589 0.18106853301919618 0.3064241754001283
-1 2590 0.17424860601115752 0.31226345529999827
-1 2591 0.15067082890542247 0.3196952660816523
-1 2592 0.13120346377144845 0.3236765932861103
-1 2593 0.10458567980691927 0.32991931434270033
-1 2737 0.11001446223327804 0.41844279762474035
-1 2738 0.11567592380078531 0.41631942311569636
-1 2739 0.11231847263126503 0.41817737581110836
-1 2740 0.10950283196979935 0.4217552618588484
-1 2741 0.10150758761145859 0.4274671392881764
-1 2874 0.11016452798039873 0.3987909665435404
-1 2875 0.10847241754450691 0.40011807561169244
-1 2924 0.11598003126418659 0.4210863988885006
-1 2925 0.11679996013653328 0.42612941334748056
-1 2926 0.12070891354530963 0.4277219442292646
-1 2927 0.1289386915239073 0.4282527878565266
-1 2928 0.14358007541178497 0.42798736604289456
-1 2929 0.1382955133417111 0.43090700599282855
-1 2930 0.1319053537051983 0.43568459863817655
-1 2931 0.1278961113640213 0.4431164094198306
-1 2932 0.12370138283587753 0.4506756226720266
-1 2967 -0.10635772071755092 0.48294029833695057
-1 2968 -0.11563121327882242 0.4752430657416665
-1 2969 -0.12095719247597832 0.47073089490994857
-1 2970 -0.12399972950431441 0.47099631672357856
-1 2971 -0.11541665728502572 0.4715271603508385
-1 2972 -0.10214231063503854 0.4717925821644685
-1 3017 -0.10861821599960986 0.4291976895130505
-1 3018 -0.11794253071676976 0.4311830446790065
-1 3019 -0.11115774919138502 0.4299939549539425
-1 3027 0.10376023310670163 0.3825790021669885
-1 3028 0.11623817100745211 0.38032822518740245
-1 3029 0.11461429484152871 0.38219679475536045
-1 3030 0.11574493804775368 0.3864435437734484
-1 3031 0.11968796028585572 0.3892357812528424
-1 3032 0.10979124579124248 0.39415139324128046
-1 3033 0.10292521508934514 0.4010523603956725
-1 3034 0.10742549690495402 0.4064881991388245
-1 3035 0.10824742268041124 0.4119346547545225
-1 3036 0.1106293991635197 0.4163088062431525
-1 3037 0.11220898074119004 0.4222754886135645
-1 3038 0.11973891514742434 0.4245368824656965
-1 3039 0.11838006230529305 0.42600201087693856
-1 3040 0.10159558751107517 0.4311724278064606
-1 3118 -0.11293582030614432 0.4570669799442514
-1 3119 -0.11813842482099804 0.45374389883759736
-1 3120 -0.11194696506652428 0.4516205243285533
-1 3186 0.11351998403936935 0.31929182492493746
-1 3187 0.1497192341519577 0.31385598618178345
-1 3210 -0.11331620173998609 0.3429143663380495
-1 3211 -0.13982636341403543 0.3472991346992255
-1 3212 -0.1531697153537366 0.3465028692583335
-1 3213 -0.15002924246621027 0.34491033837654955
-1 3214 -0.13223787167448833 0.33920907781976756
-1 3215 -0.11301380683074622 0.3360346329287456
-1 3260 0.10438827513083292 0.31040550260458566
-1 3261 0.12979896571800914 0.3100020614478677
-1 3262 0.1382982354346632 0.3110637487023896
-1 3263 0.15393534306371073 0.31132917051601966
-1 3264 0.16663249265259744 0.31067092441821564
-1 3265 0.18803418803420108 0.31054352194767365
-1 3266 0.19957198179224964 0.31253949398617564
-1 3267 0.19550098166451157 0.31904763685639564
-1 3268 0.18988906600735428 0.32635204516750765
-1 3269 0.1849743881616415 0.33576921111511765
-1 3270 0.18504753940970764 0.3428081976125976
-1 3271 0.18375822243778336 0.3502400083942516
-1 3272 0.18437228269017455 0.3540833162556216
-1 3273 0.1776700750635358 0.35925373318514364
-1 3274 0.17684105688675025 0.3624387949487096
-1 3275 0.16365467625898583 0.36893632094638557
-1 3276 0.15042618865573287 0.3749136201893436
-1 3277 0.13324611701830805 0.3814217630595636
-1 3278 0.11584098862641692 0.3883227302139556
-1 3313 0.11874471776166227 0.4773558233781675
-1 3314 0.1443491150839982 0.47270563320336156
-1 3315 0.18006087588588 0.4673971969307516
-1 3316 0.19627295274067968 0.4666009314898596
-1 3317 0.19346591551845263 0.4692551496261636
-1 3318 0.16780372897175574 0.47774864766233965
-1 3319 0.1474435975276831 0.48611474322797166
-1 3320 0.10377277965088749 0.49752788121408376
-1 3347 0.1040076518412218 0.5549970123013599
-1 3348 0.10398854961831705 0.5563241213695118
-1 3389 -0.10198110122377266 0.616829678004716
-1 3390 -0.10302197802197713 0.6105975738206719
-1 3391 -0.10297984224364642 0.605692578704782
-1 3405 -0.11020603737421922 0.553935325046836
-1 3406 -0.10933292592097034 0.5559312970853361
-1 3407 -0.11519239904987863 0.5587129176921841
-1 3408 -0.12048697772781634 0.5572477892809441
-1 3409 -0.11020211742059227 0.55154652872416
-1 3410 -0.10231735292973879 0.546110689981008
-1 3503 0.10913319238900193 0.5021780713888916
-1 3504 0.1177402323125625 0.5027089150161516
-1 3505 0.1384248713405875 0.5033671611139555
-1 3506 0.13391943533735778 0.5084101755729334
-1 3507 0.12826971117121302 0.5142494554728035
-1 3508 0.12469148393677183 0.5204921765293915
-1 3509 0.11138310893512791 0.5291130770361115
-1 3656 -0.11600733160226026 0.5560693164284232
-1 3657 -0.1355690194111051 0.5502300365285512
-1 3658 -0.15324589398303068 0.5455798463537451
-1 3659 -0.15445583211322722 0.5438492961288752
-1 3660 -0.1508187134502923 0.5446455615697671
-1 3661 -0.144531022287855 0.5463761117946371
-1 3662 -0.13849974775893237 0.547172377235529
-1 3663 -0.12780487804877957 0.544114717942507
-1 3664 -0.10165247871807431 0.530047361820091
-1 3721 0.10927960927960964 0.4347609307267429
-1 3722 0.12221353148221034 0.4343574895700229
-1 3723 0.12856340230109914 0.43462291138365494
-1 3724 0.13394896719319863 0.4368843052357869
-1 3725 0.1294240027094391 0.4388696604017429
-1 3726 0.1027146177252827 0.44311640941983094
-1 4073 0.11416963245252325 0.3370963201832696
-1 4074 0.11407744307031417 0.34081222557409563
-1 4075 0.11184839974075458 0.3439972873376616
-1 4076 0.12552609750852656 0.34558981821944557
-1 4077 0.13427062868369144 0.3458552400330756
-1 4078 0.1384209395808404 0.34599325937616365
-1 4079 0.13965102469624074 0.34864747751246966
-1 4080 0.13936195730390066 0.35409393312816767
-1 4081 0.12613277444873067 0.3596677912144076
-1 4082 0.10177962674061691 0.3674924262802356
-1 4206 -0.10016977928693281 0.4690003446850805
-1 4207 -0.10496847759291877 0.4664735290193165
-1 4208 -0.10768384627724333 0.46328846725575057
-1 4405 0.12076923076923121 0.49686963511628124
-1 4406 0.13399769043240586 0.49646619395956115
-1 4407 0.14777293323074575 0.49674223264573714
-1 4408 0.15694031606184158 0.49647681083210715
-1 4409 0.16351919424706 0.49753849808662914
-1 4410 0.16422386483632495 0.5027089150161512
-1 4411 0.15186828681623432 0.5120092953657651
-1 4412 0.13754177194555234 0.5210336370292011
-1 4413 0.12281332374790115 0.5316505095744212
-1 4475 0.11102641308076074 0.5571097699378571
-1 4476 0.13370644382258906 0.5539247081742931
-1 4477 0.14697406340057548 0.5526082159786851
-1 4478 0.15938421475893516 0.554476785546643
-1 4479 0.13096949973511224 0.561122947759951
-1 4480 0.1113315614120493 0.567217032600907
-1 4525 0.10294117647058215 0.6497525997674455
-1 4526 0.10457516339868667 0.6497525997674455
-1 4527 0.11372742200327877 0.6465675380038794
-1 4528 0.10754382509355405 0.6468223429449654
-1 4578 -0.11078415521423193 0.6566535669218396
-1 4579 -0.1255384615384659 0.6555918796673176
-1 4580 -0.12203799203603535 0.6505594820808837
-1 4581 -0.10909210181054926 0.6473744203173177
-1 4612 0.10023375082860088 0.6086228355272613
-1 4640 0.1135672662781807 0.6704767349757134
-1 4641 0.12841607565011215 0.6736405629941894
-1 4642 0.135336463223781 0.6784181556395394
-1 4643 0.1366494254653536 0.6855739277350175
-1 4644 0.12495428501767418 0.6967216439074975
-1 4645 0.11476201981154621 0.7030917674346294
-1 4646 0.10345551622772899 0.7078905938250675
-1 4689 0.10506119363935307 0.7304195973660215
-1 4690 0.11105269307161979 0.7269584969162814
-1 4724 0.1262528809562096 0.7923159643046536
-1 4725 0.16663517853769044 0.7867314893458677
-1 4726 0.19233041516731159 0.7907021996777795
-1 4727 0.20581762257048636 0.8007882285957375
-1 4728 0.22373193166886438 0.8079440006912154
-1 4729 0.21357074852688107 0.8252070354497434
-1 4730 0.18594155762297832 0.8421940315220955
-1 4731 0.15794167926070632 0.8570576530854014
-1 4732 0.13983269141131502 0.8655511511215774
-1 4733 0.1109632783395386 0.8777605545485814
-1 4907 0.10076122697176941 0.9428207495056865
-1 4980 -0.10463180362860815 0.9948009574870881
-1 4981 -0.1191452991453068 0.9937392702325679
-1 4982 -0.1274799674336893 0.9910638183511639
-1 4983 -0.13480624838180666 0.9841416174516798
-1 4984 -0.13070539419087238 0.9825278528248077
-1 4985 -0.12888965935685265 0.9798948684335936
-1 4986 -0.11570392379620671 0.9719109802795878
-1 5055 -0.10051267579135793 0.9029013087356599
-1 5056 -0.11946944131983786 0.9060863704992258
-1 5057 -0.12099276111685901 0.9034533861080117
-1 5058 -0.11271554745549174 0.9087618223806218
-1 5059 -0.11886652444115102 0.9156840232801058
-1 5060 -0.10864485981308787 0.9088042898708037
-1 5149 0.10822115384614696 0.883323795762276
-1 5161 -0.1016971625563495 0.9608694328325578
-1 5162 -0.10004044762033196 0.9449441240147298
-1 5172 0.1448189762796529 0.8504114908720938
-1 5173 0.19349289075544987 0.8392850084447039
-1 5174 0.2225332044170801 0.8345286495444458
-1 5175 0.25183323932105206 0.828158526017314
-1 5176 0.2696447521350103 0.8403891631894058
-1 5177 0.2701480671767665 0.8547007073803619
-1 5178 0.26611642899002225 0.8695643289436678
-1 5179 0.2540332175319733 0.8923693711707997
-1 5180 0.2143217347453279 0.9263433633155017
-1 5181 0.18176515457441908 0.9464729536612397
-1 5182 0.14940021810251705 0.9735672123966438
-1 5183 0.11557213719424246 1.0016806908963818
-1 5205 0.1227628117241549 1.1460701575113619
-1 5206 0.15865905103222436 1.1375766594751817
-1 5207 0.16612231107105982 1.1312065359480619
-1 5208 0.1636240193119983 1.1258980996754617
-1 5209 0.1621714155285616 1.1163429143847818
-1 5210 0.15878584502743606 1.1136674625033818
-1 5211 0.15754716981129302 1.1253884897933017
-1 5212 0.14661764705881963 1.1551157329199018
-1 5213 0.12333629103816154 1.1965215358462418
-1 5227 0.10707006369425744 1.3334791916795818
-1 5228 0.11874799357944717 1.3228623191343618
-1 5229 0.10728139904610241 1.3356025661886217
-1 5244 0.11918714831335357 1.4565924457139616
-1 5245 0.1340461484675426 1.4576541329684818
-1 5246 0.14449581553227736 1.4512840094413417
-1 5247 0.14559802857394363 1.4475893377956015
-1 5248 0.1372016873654206 1.4396054496415815
-1 5490 0.10410958904109677 1.550063391602066
-1 5491 0.10945931064861172 1.542589113330226
-1 5492 0.11083581103402922 1.542589113330226
-1 5493 0.1076473184727377 1.539361584076486
-1 5538 -0.10081081081082424 1.8855565640310261
-1 5539 -0.10906214689266526 1.879186440503886
-1 5540 -0.1059225512528552 1.864322818940566
-1 5541 -0.1025345622119872 1.8430890738501262
-1 5665 0.12042665443286929 1.4810961875483062
-1 5666 0.15463858195214666 1.4758302187658663
-1 5667 0.17484450587424294 1.4748109990015261
-1 5668 0.18658808720034348 1.4844086517824064
-1 5669 0.18360655737707318 1.5024998025994662
-1 5670 0.1881956155143599 1.5109933006356464
-1 5671 0.17541221033869814 1.5247527674542662
-1 5672 0.15746219592375216 1.5502332615628063
-1 5673 0.11743848716021245 1.5809797244537662
-1 5740 -0.1048985115020388 1.5691737621834676
-1 5741 -0.1171467025572104 1.5776672602196475
-1 5742 -0.11189455985247938 1.5659462329297276
-1 5991 0.10315261838805158 1.2877841722449879
-1 6052 0.1028037383177714 1.6721998933622673
-1 6100 0.11306220095694211 1.7751410895607287
-1 6101 0.12163456932068484 1.7729327800713286
-1 6102 0.11699842474581923 1.7793029035984484
-1 6103 0.10166411629686577 1.7761603093250684
-1 6157 -0.10254924681344466 1.759173313252731
-1 6206 -0.10258274181134144 1.9862894507400728
-1 6207 -0.11874155736632937 1.9491728643219726
-1 6208 -0.13429024304332515 1.9290432739762327
-1 6209 -0.14806762213249022 1.9141796524129326
-1 6210 -0.1534879595547455 1.9151988721772724
-1 6211 -0.1541215469613309 1.9216539306847724
-1 6212 -0.14634254143646339 1.9216539306847724
-1 6213 -0.1472830422834836 1.9163030269219927
-1 6214 -0.14151407977794772 1.8971926563405925
-1 6215 -0.12356810967474664 1.8462316681235325
-1 6282 0.12142823628768395 1.8102192364501555
-1 6283 0.14307924243849726 1.8028298931586755
-1 6284 0.171144887299403 1.8049532676677154
-1 6285 0.19215041128083235 1.8069917071963952
-1 6286 0.19606291883840704 1.8250828580134555
-1 6287 0.19892719603887452 1.8526017916506554
-1 6288 0.17562578786241906 1.8865757837953556
-1 6289 0.1296884652722707 1.9247965249581356
-1 6361 0.10057167825802263 2.332569365674934
-1 6362 0.10766423357664012 2.327218461912154
-1 6363 0.10940246045693704 2.319744183640314
-1 6364 0.11324048147204754 2.335627024967974
-1 6365 0.11917397739989626 2.352614021040334
-1 6366 0.1086770677495089 2.3844646386759942
-1 6367 0.10807392312555926 2.417419411056354
-1 6427 0.1022258862324869 2.5756532794702727
-1 6428 0.10582581404472022 2.5979911793054327
-1 6429 0.10912052117263561 2.6075038971059525
-1 6430 0.11109302249861779 2.608608051850653
-1 6431 0.11257262223382633 2.602237928323533
-1 6432 0.1031210253399871 2.604361302832573
-1 6474 -0.15086134805151624 3.046957485497693
-1 6475 -0.20481223922114097 3.053412544005173
-1 6490 0.11026650377810765 1.8771480009752133
-1 6491 0.13389681769895417 1.8389272598124133
-1 6492 0.12659152101492507 1.8611802246671936
-1 6493 0.10256410256410138 1.9046669346124137
-1 6515 0.12808025308025836 2.0404779682108733
-1 6516 0.16799863968713438 1.9980104780299937
-1 6517 0.20665400880298018 1.9682832349033734
-1 6518 0.20900500277933745 1.9863743857204135
-1 6519 0.19222689075632343 2.0214525326098136
-1 6520 0.16809937070704836 2.0650241775353937
-1 6521 0.1503729248536518 2.1181085402614936
-1 6522 0.12226527337482399 2.1701736832232537
-1 6560 0.10331788693233644 2.2911210952584318
-1 6561 0.12299345182412653 2.269887350167992
-1 6562 0.13210084033612718 2.274134099186072
-1 6563 0.11674268059437184 2.3092122460754725
-1 6628 -0.10224025974026167 2.6159973951421334
-1 6629 -0.10761290322581246 2.6329843912144937
-1 6630 -0.10187512081964117 2.6362119204682335
-1 6994 -0.11757643668961078 2.122355289279573
-1 6995 -0.13923144243774835 2.135095536333853
-1 6996 -0.1439732142857199 2.130848787315773
-1 6997 -0.14484935666906804 2.125582818533353
-1 6998 -0.13361303856704773 2.105368293207253
-1 6999 -0.12734266306571265 2.075641050080633
-1 7000 -0.11806306681086981 2.041667057935913
-1 7001 -0.10530344915578072 1.9970761932459928
-1 7180 -0.10184085510688841 2.002427097008795
-1 7181 -0.1081243817470216 1.974823228391235
-1 7182 -0.11031981824536935 1.9439918305199153
-1 7183 -0.11810154525386188 1.9237773051938152
-1 7184 -0.13169642857142552 1.9025435601033753
-1 7185 -0.13913082517733266 1.8918417525777955
-1 7186 -0.13917200324704368 1.8833482545416154
-1 7187 -0.14555097230406386 1.8737506017607353
-1 7188 -0.1382475788314054 1.850478417141615
-1 7189 -0.13344476946649303 1.8292446720511752
-1 7190 -0.1334120425029488 1.7984982091602153
-1 7191 -0.13377055504653707 1.7612966877617755
-1 7192 -0.13627658007169965 1.7295310051064754
-1 7193 -0.14453066332916403 1.6965762327261154
-1 7194 -0.13562982005141513 1.6519853680361956
-1 7195 -0.1251629726205997 1.6286282484367156
-1 7196 -0.11006915339479477 1.6212389051452356
-1 7217 -0.10507039029414615 1.4841538468413553
-1 7218 -0.11405926946933675 1.4788878780589354
-1 7230 -0.11155022947476076 1.3324599719152557
-1 7231 -0.11734661303710027 1.3303365974062156
-1 7232 -0.123337363966138 1.3345833464242955
-1 7233 -0.10619808306709111 1.3292324426615156
-1 7267 0.1252844141069592 1.1945255638077554
-1 7268 0.13948558507632264 1.2019998420795956
-1 7269 0.15948092469153755 1.1977530930615157
-1 7270 0.16616894197953289 1.1945255638077557
-1 7271 0.1552527534594871 1.2030190618439356
-1 7272 0.14767130997607059 1.2072658108620355
-1 7273 0.12387356162482487 1.2252720266987356
-1 7297 0.10586226522481144 1.3430768444604952
-1 7298 0.13067713941848688 1.3408685349710951
-1 7299 0.15222795945685968 1.332375036934915
-1 7300 0.1688102893890541 1.320738944625355
-1 7301 0.1653548387096724 1.316492195607255
-1 7302 0.17834683954619449 1.310122072080115
-1 7303 0.20223550818820532 1.306979477806735
-1 7304 0.20187703505077279 1.330336597406215
-1 7305 0.17854714064916688 1.373823307351435
-1 7306 0.13390532544380152 1.435401168113715
-1 7318 0.11769017328933605 1.6223430598899546
-1 7319 0.15573554936094694 1.6148687816181149
-1 7320 0.1972031662268946 1.6095178778553147
-1 7321 0.231339360807392 1.615803066402075
-1 7322 0.2152049201509026 1.643406935019635
-1 7323 0.19896996583549106 1.6656598998744152
-1 7324 0.17845117845117994 1.690121174218595
-1 7325 0.16856560027861356 1.707108170290955
-1 7326 0.15990913131512174 1.719848417345215
-1 7327 0.14668533629472363 1.7590883782723552
-1 7328 0.12998266897747193 1.813276895743155
-1 7329 0.11208701192317765 1.866361258469255
-1 7388 0.10948691099477724 2.027822656136956
-1 7389 0.1236694325706213 2.0267185013922555
-1 7390 0.13141631983855984 2.020348377865136
-1 7391 0.13283218545269218 2.0224717523741957
-1 7392 0.11385646883534255 2.0521989955008157
-1 7463 -0.10243626062323423 2.2486536050775547
-1 7536 0.10332742507250636 2.108425952500274
-1 7537 0.1227687585816966 2.1031599837178345
-1 7538 0.12823410696266296 2.104264138462534
-1 7539 0.14473096446700348 2.0915238914082743
-1 7540 0.14728776949097727 2.0840496131364343
-1 7541 0.14260869565218623 2.1000173894444343
-1 7542 0.14652000000000137 2.123374509043934
-1 7543 0.13177595735507913 2.1669461539695143
-1 7544 0.11635569518410356 2.216887922422214
-1 7545 0.10335705503186804 2.2795699379291943
-1 7546 0.10036876118149997 2.326284177128174
-1 7548 0.10056525472238981 2.3741025710718344
-1 7549 0.10018092163610634 2.394232161417574
-1 7571 0.12606367250387554 2.585165997270794
-1 7572 0.15611207375683686 2.597906244325054
-1 7573 0.17915372670807797 2.625510112942634
-1 7574 0.19635757342567672 2.648952167522474
-1 7575 0.19988438563812072 2.644705418504394
-1 7576 0.18675179569034397 2.660588259832034
-1 7577 0.16806908768821333 2.6849645991958737
-1 7578 0.16356701550875588 2.6944773169963936
-1 7579 0.1671268118215383 2.7072175640506737
-1 7580 0.13632509689921957 2.804892791466694
-1 7692 -0.1336871648095229 3.056555138278555
-1 7693 -0.1713420509291193 3.0852631616408352
-1 7694 -0.17212867898700474 3.102250157713195
-1 7695 -0.17577177733577382 3.117198714256875
-1 7696 -0.18904636730711893 3.1341857103292154
-1 7697 -0.19460694947075924 3.1214454632749553
-1 7698 -0.20004931371742793 3.1002117181845157
-1 7699 -0.17666029281656315 2.976036776895616
-1 7700 -0.1585730793161537 2.8666405221896563
-1 7701 -0.12398072646402877 2.749854924192236
-1 7769 0.11028063254783911 2.4545359974744168
-1 7770 0.13184925503944395 2.422770314819117
-1 7771 0.1341968548160639 2.4196277205457366
-1 7772 0.12398253275109353 2.4312638128552964
-1 7773 0.10119601557922378 2.4642185852356566
-1 7887 0.10130693069307484 3.2169123812015585
-1 7888 0.10173515981736055 3.255133122364339
-1 7889 0.1062202934490704 3.2880029597643388
-1 8055 0.10009435646341183 3.330555384925623
-1 8331 0.10889651790094254 4.329560623940563
-1 8332 0.1263366103952114 4.336949967232043
-1 8333 0.1157324741867963 4.376189928159163
-1 8334 0.10811175337187823 4.408125480775183
-1 8335 0.10315438683853015 4.4347101296284235
-1 8415 0.10148457434469953 5.858475205432563
-1 8416 0.1011366272326611 5.858475205432563
-1 8431 0.10190242983612567 6.312877350367984
-1 8432 0.10301305118427068 6.3256175974222435
-1 8456 0.10726117417042315 6.2556311736041454
-1 8457 0.11965742028748395 6.227942370006206
-1 8458 0.10765064319566892 6.272448299715766
-1 8500 0.12232823016049121 6.890435216827932
-1 8501 0.13775217575621346 6.8119552949736715
-1 8502 0.13534060218065413 6.792759989411911
-1 8503 0.13177887739291383 6.7971766083907115
-1 8504 0.13342933757076367 6.841682538100272
-1 8505 0.12195478108496302 6.9797868161684935
-1 8571 0.10754280666199155 6.537785178365894
-1 8572 0.10806166157950252 6.622720158727654
-1 8573 0.12012779552715964 6.646162213307494
-1 8574 0.11166875784190673 6.7693179348320545
-1 8575 0.10474025011121281 6.873278350794854
-1 8585 0.10935123042505361 7.593187244341091
-1 8586 0.11413912579957353 7.6482251116155116
-1 8587 0.12460686600221613 7.669628726666671
-1 8588 0.14130579910098412 7.633616294993291
-1 8589 0.13856550247557664 7.6166292989209525
-1 8590 0.1321371413114534 7.535941067577272
-1 8591 0.1035965772350482 7.623084357428432
-1 8630 0.10791708859451671 8.219837529450132
-1 8631 0.10762368707734678 8.264343459159694
-1 8632 0.10467216816520952 8.275045266685272
-1 8682 -0.12405167958655962 8.217459350000015
-1 8683 -0.16098601369918866 8.283199024800016
-1 8684 -0.17486561329206474 8.342653511053236
-1 8685 -0.18366684255387972 8.370172444690436
-1 8686 -0.163460365233659 8.353185448618095
-1 8687 -0.1355519815250107 8.238353355168993
-1 8731 0.10495347564312589 7.448458037804677
-1 8732 0.10370606737475031 7.452874656783497
-1 8733 0.10502283105022432 7.440304279689957
-1 8734 0.10689292411836945 7.427733902596417
-1 8771 0.1048976278524413 7.533393018166414
-1 8772 0.12412913801739722 7.461028414898195
-1 8773 0.1464370329870646 7.4566117959193745
-1 8774 0.15629810739835673 7.503495905079075
-1 8775 0.15084097178962488 7.6353149946005345
-1 8776 0.14746624583552423 7.750147088049634
-1 8777 0.14277739608382115 7.911863290658414
-1 8778 0.12827335698597642 8.043682380179874
-1 8779 0.1203518425879592 8.149681235671334
-1 8780 0.11697722567287593 8.204719102945754
-1 8781 0.10869387755102072 8.323628075452215
-1 8782 0.10232105966702919 8.387159440762815
-1 8839 0.11321124661777383 8.663707736820673
-1 8840 0.1270885876418493 8.621240246639793
-1 8841 0.1310293190415968 8.621240246639793
-1 8842 0.13530062416052574 8.600176371510074
-1 8843 0.14357812748369148 8.549215383293014
-1 8844 0.1236850368974625 8.655214238784492
-1 8895 0.10833692627287028 8.667784615878052
-1 8936 0.11420876401221618 9.334694081678567
-1 8937 0.15408736235688708 9.317707085606207
-1 8938 0.18145439994180326 9.339110700657368
-1 8939 0.19205106935478353 9.419968801961769
-1 8940 0.18377933600458873 9.496410284287348
-1 8941 0.17776513670140218 9.555864770540568
-1 8942 0.1525566388440854 9.687344120140567
-1 8943 0.13239016609452742 9.797759594610847
-1 8944 0.1220014413672541 9.899681571044905
-1 8945 0.10666130006038237 10.129006018021604
-1 9151 -0.11351711279797184 12.755535350728822
-1 9152 -0.13047384973175868 12.85541888763422
-1 9153 -0.13601789709171952 12.90841831537982
-1 9154 -0.1490429626547304 13.063679459481019
-1 9155 -0.16989560201137038 13.309990902530021
-1 9156 -0.1629523933065142 13.095275272175419
-1 9157 -0.15758698240507477 12.84047033109022
-1 9158 -0.14325376303110418 12.48170497404222
-1 9159 -0.12429027428604361 12.02713295914622
-1 9209 -0.10240520953681129 9.703991376291475
-1 9225 -0.1066270026163927 9.479083548293536
-1 9258 0.1229041250858574 8.408902795735374
-1 9259 0.13969755781983348 8.402447737227872
-1 9260 0.14195432182712917 8.493837776097132
-1 9261 0.14450315864754512 8.550914082900231
-1 9262 0.1488449630864522 8.559407580936412
-1 9263 0.14429306215398569 8.652836059334351
-1 9264 0.13360089530351701 8.803680584456831
-1 9265 0.13539474187747214 8.877743887332292
-1 9266 0.1294050991501483 8.994614420310073
-1 9267 0.11582003969712275 9.242964302887852
-1 9268 0.1028316482567506 9.44239163677725
-1 9273 0.100192149327474 9.901380270652131
-1 9328 0.10276143051156084 12.007767783623612
-1 9339 -0.10208045800746092 13.292664166536408
-1 9385 0.11043786441066239 11.886820371588612
-1 9386 0.11838920058099116 11.929287861769414
-1 9387 0.12516758421998855 11.910262426168414
-1 9388 0.12774678355914298 11.935742920277013
-1 9389 0.11944005418831989 12.037664896711014
-1 9390 0.11586688833161561 12.057030072233415
-1 9391 0.10564871037825356 12.197342659791214
-1 9400 0.10903765056438881 13.454040629223815
-1 9401 0.1330142335306777 13.485976181839813
-1 9402 0.15375871476204375 13.449624010245014
-1 9403 0.17508943417139203 13.485636441918412
-1 9404 0.17693391715736168 13.500584998462013
-1 9405 0.15748920791082982 13.536597430135412
-1 9406 0.14806695894776223 13.63851940656961
-1 9407 0.11767567436088364 13.96772739045181
-1 9408 0.10727526602146208 14.112116857066813
-1 9431 0.11131527607639119 14.976415217228013
-1 9432 0.12319949585883803 15.095324189734413
-1 9433 0.11001061195613603 15.367116126892014
-1 9435 0.10431483087598582 15.668805177136814
-1 9436 0.11072454999245207 15.722144344804013
-1 9437 0.12050662408838926 15.745586399383814
-1 9438 0.13116755182456463 15.864495371890413
-1 9439 0.14025593684344484 16.008884838505416
-1 9440 0.13728930384108518 16.265728219119417
-1 9441 0.1263753087427822 16.643519011768415
-1 9442 0.12411333306617053 16.955060519735415
-1 9443 0.11994104525176427 17.05766197601241
-1 9444 0.12398563520567002 17.12323178085161
-1 9490 -0.11122724815281698 18.852168241095615
-1 9491 -0.12763394462424274 18.896334430883815
-1 9492 -0.13749327595482363 18.947295419100815
-1 9493 -0.15244428468728116 18.90312922931262
-1 9494 -0.14357613469985694 18.563389307865616
-1 9495 -0.14245653393156824 18.172688398201416
-1 9496 -0.15580382503311924 17.941665251617415
-1 9497 -0.15951846403962597 17.553682261325015
-1 9498 -0.1434884684435821 17.220397398385618
-1 9499 -0.13312556549713578 16.89696499316802
-1 9501 -0.10113146884854197 16.48452072853122
-1 9530 0.1204549094986727 12.72597797756262
-1 9531 0.15698731974800553 12.887354440250018
-1 9532 0.18676092210933318 13.07217295751722
-1 9533 0.2273541088248378 13.093236832647019
-1 9534 0.23939243418472195 12.99539173527042
-1 9535 0.24865686505750664 12.96345618265442
-1 9536 0.2672363462661063 12.80207971996702
-1 9537 0.2794862228854628 12.74908029222122
-1 9538 0.26225605608747266 12.986898237234223
-1 9539 0.2218939318700877 13.683365076200625
-1 9540 0.19330474148199758 14.258884503132027
-1 9541 0.1671755377324037 14.910505672467426
-1 9542 0.1509318266430186 15.513544033035824
-1 9543 0.13380266801969967 16.070038024366024
-1 9544 0.1396810664866666 16.106390195960824
-1 9545 0.14030853185014308 16.18690855734362
-1 9546 0.13168034846707322 16.223260728938424
-1 9547 0.10738534594074998 16.312272588357622
-1 9586 0.11636690647483917 18.889539632454614
-1 9587 0.13123074134495252 18.743451466232415
-1 9588 0.13089579524680575 18.583773703152417
-1 9589 0.14624213254351853 18.352750556568417
-1 9590 0.15535055350553592 18.41390374242902
-1 9591 0.14844606946983083 18.583773703152623
-1 9592 0.14311398777416157 18.896334430884025
-1 9593 0.11172796668978377 19.582609072207028
-1 9605 0.11715481171547402 21.923417130976834
-1 9606 0.13600249260008557 21.80790555768483
-1 9607 0.1361794951698231 21.80450815847043
-1 9608 0.11985192040720802 22.02533910741103
-1 9609 0.10136691752419011 22.12046628541603
-1 9702 -0.10056390977443919 21.688996585178433
-1 9703 -0.13886314488724183 21.994762514480634
-1 9704 -0.16780561883067285 22.371873827286834
-1 9705 -0.1846432342736455 22.521359392723433
-1 9706 -0.18259822369412124 22.568922981726036
-1 9707 -0.16742493175614243 22.402450420217033
-1 9708 -0.14793719211822873 22.069505297199033
-1 9709 -0.1169507575757543 21.525921422883634
-1 9738 -0.12102734051366505 20.503304259328235
-1 9739 -0.13237889694391766 20.601828836547835
-1 9740 -0.13654657072651613 20.605226235762437
-1 9741 -0.16620598126751765 20.802275390201636
-1 9742 -0.16452759629905733 20.815864987059438
-1 9743 -0.1561117803763314 20.442151073467837
-1 9744 -0.15329850829804406 20.037860566945838
-1 9745 -0.12928627602004059 19.528250684775237
-1 9752 -0.10315006847974546 17.39108075585284
-1 9753 -0.1015227425144978 17.25089047466684
-1 9755 -0.1167277020672002 17.00351587655484
-1 9756 -0.14098051169101783 17.302951428602437
-1 9757 -0.12178093395304773 17.05795870420004
-1 9758 -0.10928179912946077 16.88544299410004
-1 9779 -0.10534838738697731 15.12898126720284
-1 9780 -0.15596946428171476 15.19941667546864
-1 9781 -0.19864244360151306 15.33960695665444
-1 9782 -0.2233184249758905 15.52028909090144
-1 9783 -0.2218765064200993 15.52913605039384
-1 9784 -0.23842360232184426 15.593106372876838
-1 9785 -0.24958763781579782 15.678173291072037
-1 9786 -0.24042758258128183 15.533899797812836
-1 9787 -0.21570046124628303 15.049358631772236
-1 9788 -0.17083074571251267 14.245646388662635
-1 9789 -0.12418925033939036 13.535167487895233
-1 9846 -0.11593160312101115 12.369063505644835
-1 9847 -0.1414740612233319 12.230800497059835
-1 9848 -0.14826569938787487 12.076794670665635
-1 9849 -0.14596523540920356 11.891987678992434
-1 9850 -0.13471258963203164 11.645578356761636
-1 9851 -0.1310152495104519 11.535378632097437
-1 9852 -0.14155492825216803 11.638733653366435
-1 9853 -0.13744327223434147 11.613408250803834
-1 9854 -0.10544846929642698 11.469669479502635
-1 9909 0.10611026145218609 9.423113936300455
-1 9910 0.1082012910798119 9.355173634815213
-1 9911 0.12243080804331492 9.248802455722174
-1 9912 0.13330827067668133 9.127333431854634
-1 9913 0.13496604867627696 8.994884157242016
-1 9914 0.1352343093035627 8.977041249781255
-1 10005 0.10555972952666545 5.524382881646071
-1 10006 0.1386852085967069 5.471809240398251
-1 10007 0.15145385587862756 5.471809240398251
-1 10008 0.14803548795943905 5.457974071648811
-1 10009 0.1414880201765417 5.485644409147671
-1 10010 0.12461252324860692 5.579031798206291
-1 10028 0.1892298784018534 5.973334107564949
-1 10030 0.2654575432811244 5.873720892569069
-1 10032 0.1832408435072123 6.232743521616708
-1 10034 0.1273331903025081 6.448572154107768
-1 10045 0.10901386748844552 7.183219614702307
-1 10054 -0.10028962534271002 8.001569846230908
-1 10064 0.11295456737725636 7.199095404198884
-1 10065 0.11223215143653507 7.226872371129325
-1 10066 0.1084765287510796 7.233816612861945
-1 10067 0.1024067504075165 7.242149702941084
-1 10068 0.11018010208995206 7.210206190971064
-1 10115 -0.1033707865168547 7.13510024608104
-1 10116 -0.11005766787215478 7.1323117359702
-1 10117 -0.11365414710485126 7.12743184327624
-1 10118 -0.11393152302243041 7.08560419161382
-1 10149 0.12823475046211127 6.034335879831681
-1 10179 -0.12063317040329619 6.446338248706525
-1 10180 -0.13601652857586627 6.388476663906845
-1 10181 -0.1441919128263203 6.3292208240517445
-1 10182 -0.1446227509589814 6.235805735339005
-1 10183 -0.14913590401855953 6.203040741536765
-1 10184 -0.14949514439045672 6.1751965092350645
-1 10185 -0.13585174519450896 6.110115292564465
-1 10186 -0.11519272587208101 6.056093803706585
-1 10218 0.1347300810521511 4.579073913388184
-1 10219 0.15757481296757953 4.492940545694845
-1 10220 0.16479225242111606 4.483136747746004
-1 10221 0.1482283769147404 4.525853295951644
-1 10229 -0.11485121852699229 5.200914811857165
-1 10230 -0.12283760225291326 5.221922950318945
-1 10261 0.12158516020236793 4.170861927680268
-1 10262 0.14518061975689758 4.108263831295188
-1 10263 0.1850182070400627 4.056215975873869
-1 10264 0.20222569987828917 4.044962385512509
-1 10265 0.21676997245179255 4.085053301174869
-1 10266 0.22485106382978273 4.13217771081309
-1 10267 0.20375555921593966 4.27003419273979
-1 10268 0.18963034085452907 4.39523038550997
-1 10269 0.19880653266330905 4.47892896382261
-1 10270 0.20509652509651674 4.554187349364231
-1 10271 0.20974289580513186 4.677976843339231
-1 10272 0.234863208252345 4.70470412044747
-1 10273 0.23587942639742152 4.80668978309731
-1 10274 0.23488573908012347 4.86295773490413
-1 10275 0.21338616103014196 4.97057019273465
-1 10276 0.15202890494719837 5.061302265023129
-1 10277 0.1119321291735131 5.14007739755267
-1 10287 0.14484371154319314 5.71541720477739
-1 10288 0.19922364137240478 5.6169482891154505
-1 10289 0.20264867566217196 5.62960857827199
-1 10290 0.20782457014702516 5.6450822650188694
-1 10291 0.17758599732587704 5.786455493933509
-1 10292 0.15818530964953972 5.860307180679969
-1 10293 0.13216749940518255 5.912355036101269
-1 10331 -0.10298873101420859 7.207982156351131
-1 10335 -0.10517063081695524 6.83010166113821
-1 10336 -0.10328933584747235 6.742518144490729
-1 10337 -0.10401691331923621 6.68177473778361
-1 10338 -0.10947591318157351 6.671179957543989
-1 10339 -0.11306745863385105 6.65917253993909
-1 10340 -0.10055986218776498 6.56028792436935
-1 10353 -0.10569569683825669 6.188057978617589
-1 10354 -0.11816340310600572 6.27634781394771
-1 10355 -0.13066163410301512 6.362518693229909
-1 10356 -0.13438471790315099 6.359693418499349
-1 10357 -0.13332590777455589 6.341329132750668
-1 10358 -0.10899931302953524 6.168987374186268
-1 10414 0.1024062036720292 6.223921740410788
-1 10415 0.12505736576411516 6.186304241010427
-1 10416 0.14712987461176177 6.169979665798946
-1 10417 0.1727844482561486 6.206887401059687
-1 10418 0.19041685545989762 6.2657978246489465
-1 10419 0.19984237784282355 6.304125088188946
-1 10420 0.19311410284704886 6.431882633322246
-1 10421 0.16492738031199036 6.5972576778559056
-1 10422 0.14404167109598795 6.676751261494405
-1 10423 0.12059720323835278 6.750566732015865
-1 10424 0.10178959346229206 6.861289937798065
-1 10718 -0.10768925094376891 7.2534599517501395
-1 10719 -0.14012486373996433 7.2714747042629195
-1 10720 -0.16407020311575551 7.308224799389019
-1 10721 -0.15898141775636632 7.329121912303859
-1 10722 -0.14104080425783627 7.31110715979108
-1 10723 -0.12716648509458456 7.27579824486602
-1 10724 -0.11681732392967262 7.25418054185068
-1 10725 -0.10295739348371265 7.1878862526036205
-1 10915 0.10410186625194669 7.503673941148898
-1 10916 0.11061256340226479 7.477416917249078
-1 10917 0.10730615818659661 7.497109685173939
-1 10979 0.10172002304337023 8.892152533416196
-1 10980 0.10777750227291445 8.854098716303394
-1 10981 0.11886132845014001 8.791895361407475
-1 10982 0.10291483471747469 8.988018880373456
-1 11574 -0.10936044706614041 19.2710296182842
-1 11575 -0.13198165208342963 19.4019062941302
-1 11605 0.10478306078078846 15.823364043141197
-1 11606 0.1372828931715429 15.716419102306997
-1 11607 0.14496548440847268 15.708940435115798
-1 11608 0.14287062376144377 15.850287245029397
-1 11609 0.12990218910106477 16.0566984595066
-1 11610 0.11707969910932343 16.2055239366114
-1 11611 0.106875831383881 16.3042423435352
-1 11763 -0.12416391499451394 17.757090568819606
-1 11764 -0.14633837317342346 17.79918679572041
-1 11765 -0.1701011297761753 17.765359470532207
-1 11766 -0.15890809515659762 17.56916098444021
-1 11767 -0.1532091985584392 17.52105101083921
-1 11768 -0.15259220824144853 17.384989991748604
-1 11769 -0.13089097562050486 17.051227049891203
-1 11778 -0.14654556587407208 14.732175978652203
-1 11792 -0.16990755498885565 14.148842548739404
-1 11801 0.10198845413728953 11.719288881885204
-1 11802 0.10739887352792159 11.744847305360803
-1 11877 0.1016753212350386 10.205021452323354
-1 11878 0.11622670005729575 10.208762413666753
-1 11879 0.12701806987382097 10.385968175626754
-1 11880 0.13845824105163523 10.579022262381553
-1 11881 0.11724522514985344 10.842798698015795
-1 11882 0.10638297872339153 11.047622233995394
-1 11883 0.11627430910952093 11.076342877416794
-1 11884 0.12145444603922559 11.058203523676992
-1 11885 0.1316999519593799 11.012855139327192
-1 11886 0.12618339193943062 11.176865129391793
-1 11887 0.12800000000003167 11.242620286698791
-1 11888 0.11408105060690153 11.395293180676193
-1 11962 0.10111635895233058 14.112299222209192
-1 11963 0.11124858787454224 14.079730047318993
-1 11964 0.11703098984906188 14.102452727474992
-1 11965 0.11485623003193608 14.224397777645393
-1 11966 0.10658884156279956 14.403906950877593
-1 12227 -0.11179061711499436 17.82731333826839
-1 12228 -0.11736265616976982 17.81892688457459
-1 12229 -0.12981977759788227 17.89440496781819
-1 12230 -0.13547974413645184 17.87839446531179
-1 12231 -0.13163064833004723 17.850947889586788
-1 12232 -0.12875939849621842 17.84637346029919
-1 12233 -0.11549001696461968 17.52692581505559
-1 12234 -0.10269861734760469 17.148772993955795
-1 12365 -0.11374036360637105 18.567900694672186
-1 12366 -0.11463575612572835 18.556418709660985
-1 12367 -0.11057037984081307 18.560246037998187
-1 12368 -0.11115233972376835 18.566369763337583
-1 12369 -0.11806414378761643 18.568666160339784
-1 12370 -0.11987628865979535 18.56254243500039
-1 12371 -0.10860982780345003 18.22573754133439
-1 12423 -0.11074055909760351 15.637939622443792
-1 12424 -0.1206736862630476 15.733040383266793
-1 12425 -0.1235262593783536 15.742243682701195
-1 12426 -0.12182234343041166 15.748379215657597
-1 12427 -0.11532643700594979 15.717701550875796
-1 12428 -0.10232181425484319 15.624134673291596
-1 12477 -0.11478907917054318 14.065937060804794
-1 12478 -0.14607412230723912 14.182915910355794
-1 12479 -0.15415920559988364 14.182915910355794
-1 12480 -0.1487743488728468 14.065167463110395
-1 12481 -0.13092276220490237 13.919713498865997
-1 12482 -0.10959212376934883 13.679599018208796
-1 12485 -0.1151479289940629 13.006201035596396
-1 12486 -0.1400279448393075 12.668347647748796
-1 12487 -0.1749181037146873 12.451321097924195
-1 12488 -0.19101480587151293 12.111158916993194
-1 12489 -0.21202206825763373 11.996488860525394
-1 12490 -0.20260975766536238 11.972631331998596
-1 12491 -0.20020357529104374 12.097306158493595
-1 12492 -0.19612055348454516 12.180422709490195
-1 12494 -0.18684443321118105 12.179653111795995
-1 12522 0.11211936131226483 8.867234423733796
-1 12523 0.1077082792628991 8.943055815717557
-1 12524 0.11709298306255575 8.953113755470497
-1 12525 0.11439979168474013 8.913655684132015
-1 12526 0.11723656664339595 8.869555486753717
-1 12527 0.10302662388344397 8.921392560865076
-1 12618 -0.10451782260293782 11.2490610737062
-1 12619 -0.11835640911123727 11.309285046710801
-1 12620 -0.13218371179787203 11.3784454802256
-1 12621 -0.1493963611630851 11.4250704915838
-1 12622 -0.15505327296866134 11.414191322266799
-1 12623 -0.14718779131995974 11.2533350330806
-1 12624 -0.13569259023804434 11.0011714299846
-1 12625 -0.12095782391664837 10.7416255334234
-1 12673 -0.10501896231743744 9.67846795676376
-1 12674 -0.10728218465539657 9.608962296459378
-1 12744 -0.11414048059149647 7.65190009812985
-1 12745 -0.12391014463021809 7.660543649277871
-1 12746 -0.1294830952625618 7.646399656490191
-1 12747 -0.13591736551442063 7.68333119321357
-1 12748 -0.13716319267920532 7.728120503707849
-1 12749 -0.1297577854671276 7.721048507314009
-1 12750 -0.1060959792477294 7.57292947173201
-1 12769 -0.10211073046745361 7.164348362654332
-1 12770 -0.12223334445556741 7.118428127818012
-1 12771 -0.14329096839500893 7.039255309134691
-1 12772 -0.1597802449353352 6.917329168362372
-1 12773 -0.1586015281315128 6.838948077865872
-1 12774 -0.16139553847050053 6.796590619870292
-1 12775 -0.15993670515149874 6.754629025968133
-1 12776 -0.1598194924690855 6.754629025968133
-1 12777 -0.16160261270192944 6.787881609815114
-1 12778 -0.13305799964087087 6.613701408711793
-1 12779 -0.10190769230769309 6.432791518020393
-1 12813 0.11720585868340253 4.919007224795173
-1 12814 0.14847086457574227 4.844584775232853
-1 12815 0.14323069210628733 4.925341050289832
-1 12816 0.13878326230933677 5.000555228038992
-1 12817 0.1438243736847811 5.044100278314833
-1 12818 0.1422856664967441 5.054392744743673
-1 12819 0.12591961080302697 5.147024942603153
-1 12820 0.10506256570680537 5.2333233149679925
-1 12835 0.11150267831971296 5.668877144964213
-1 12836 0.14873913662915558 5.608943992177013
-1 12837 0.16647646219686635 5.601752013842552
-1 12838 0.16903389115454964 5.682461992929312
-1 12839 0.16400942742270844 5.763971080719892
-1 12840 0.15949747371296208 5.8518730381410915
-1 12841 0.14039079229122167 5.970940235011652
-1 12842 0.1295808067492736 6.0620386272481905
-1 12843 0.11474768548702524 6.12836464966601
-1 12865 0.10091083413231122 6.66776302475071
-1 12866 0.13106159895150968 6.706919351238329
-1 12867 0.1628486646884301 6.732490829760868
-1 12868 0.16595945308816723 6.779638243286788
-1 12869 0.17767815007078958 6.773245373656148
-1 12870 0.18368309360999663 6.778040025879127
-1 12871 0.20303245676379678 6.746075677725967
-1 12872 0.21015264465743244 6.7532676560604274
-1 12873 0.1896631287494175 6.926674244791367
-1 12874 0.172571942446037 7.108871029264426
-1 12876 0.11661374331983461 7.585938925450447
-1 12880 0.11622551164812676 8.023051386444987
-1 12882 0.11539583550410044 8.172484714061026
-1 12884 0.1044618531107021 8.335662711382946
-1 12905 -0.10583348383601088 8.904874794848151
-1 12929 0.1268516782298951 8.576791995832625
-1 12930 0.16572822822824176 8.568750750758726
-1 12931 0.1596402473299746 8.583224991891765
-1 12932 0.16906170752325536 8.561513630192206
-1 12933 0.17064910630292904 8.547843513566546
-1 12934 0.16526584191142368 8.514874408763507
-1 12935 0.15289684408855087 8.535781645955668
-1 12936 0.11965344277245334 8.817225223542527
-1 12991 -0.11534716500634062 10.799518719022387
-1 12992 -0.14966138274910612 10.869083441502788
-1 12993 -0.1732908201097316 10.908719155474188
-1 12994 -0.1653725548753049 10.834301080262588
-1 12995 -0.16363500261995123 10.805989855997387
-1 12996 -0.1574625178934628 10.736425133516988
-1 12997 -0.1459587110535587 10.618326883724787
-1 12998 -0.13786977678228138 10.472726301789189
-1 12999 -0.11309050421506787 10.17100954033351
-1 13030 0.10078435078435558 8.615280866590066
-1 13031 0.11861105833175381 8.569688754651967
-1 13032 0.11051099004321116 8.667386137376486
-1 13033 0.1006860745410747 8.781366417221747
-1 13063 0.10170168570744975 10.190651163022784
-1 13064 0.10186232231273974 10.194721887302984
-1 13373 -0.10042233693101489 15.982954679953185
-1 13374 -0.1014115318506061 15.999621820763384
-1 13375 -0.11015051299411605 16.001288534844583
-1 13376 -0.11787726988103178 15.970454324345784
-1 13377 -0.12678162649171298 15.967120896183783
-1 13378 -0.11818525740036402 15.677112646086183
-1 13379 -0.10331497940604187 15.312935619382984
-1 13526 0.10809542432537404 10.834037766583782
-1 13527 0.14137164629303353 10.675573545828982
-1 13528 0.16034565530483622 10.590833320826382
-1 13529 0.17050359712229432 10.601002147826582
-1 13530 0.16638709162072024 10.608628768076782
-1 13531 0.15310891089108358 10.698453406579581
-1 13532 0.1272699053236062 10.91962539383638
-1 13567 -0.11582017057315772 12.875757331310789
-1 13568 -0.12888004548038484 13.129540374362588
-1 13569 -0.11147429051504007 12.942935195647987
-1 13620 0.10207939508505058 8.974943323811605
-1 13621 0.12871498824030464 8.816595237443146
-1 13622 0.14088159031978437 8.724225520394885
-1 13623 0.14340753424655597 8.807169756111687
-1 13624 0.12371350556604671 8.974943323811587
-1 13625 0.11095189355168676 9.208695260831668
-1 13687 0.12620856353592025 11.038185020796192
-1 13688 0.15173010380623927 11.015315852935391
-1 13689 0.16106102635229208 10.992446685074793
-1 13690 0.1664937759336248 11.022938908888992
-1 13691 0.17124589597373835 11.02865620085419
-1 13692 0.17098712446352593 11.10107523241319
-1 13693 0.16355298913041252 11.221138363682389
-1 13694 0.1337632275132213 11.52606060182579
-1 13717 0.11262967232012168 11.683845866768987
-1 13718 0.13276976628545478 11.606889859083989
-1 13719 0.1368421052631792 11.697313168113789
-1 13720 0.1272520694692592 11.853149083675788
-1 13721 0.11823133611024711 12.008984999237788
-1 13722 0.10952607386274643 12.137886312110187
-1 13723 0.10436969506445111 12.239853022292788
-1 13724 0.10039032006245695 12.322580730554186
-1 13802 0.10521042084170731 13.555384373374181
-1 13803 0.11196362603014938 13.656283312311382
-1 13804 0.11322885782862736 13.74359970177638
-1 13805 0.10493223417634606 13.887186653340981
-1 13806 0.1020521353300183 13.993906684909183
-1 13874 0.1037784018381447 15.328238865857188
-1 13875 0.112954286437886 15.451506551400788
-1 13876 0.10284491440080579 15.54346815807619
